
thread_count = 16
TOL =    1.000000000000000e-08
I =    4.147421700916334e-01
err =    6.846122002635013e-10

