
thread_count = 1
TOL =    1.000000000000000e-08
I =    4.147421700916336e-01
err =    6.846124223081063e-10

