
N = 100000000, T =   2.718281619734084e+00, err =  2.08725e-07,
Time =  3.14324e-01

