
N = 100000000, T =   2.718281402195986e+00, err =  4.26263e-07,
Time =  1.59583e-01

