
N = 100000000, T =   2.718281728627229e+00, err =  9.98318e-08,
Time =  6.24323e-01

