
N = 100000000, T =   2.718281783359485e+00, err =  4.50996e-08,
Time =  1.24842e+00

