
N = 100000000, T =   2.718281809609113e+00, err =  1.88499e-08,
Time =  2.49039e+00

