
N = 100000000, x(0) =       0.000109572485700, x(n-1) =      0.00003, norm = 577374.12702
Time =  1.11826e+00

