
N = 10000000, x(0) =       0.000346519448724, x(n-1) =      0.00012, norm = 182570.75760
Time =  3.00823e-02

